test1
4|1|0|100000|The American United Empire|y|y|r|150000|75|3500|9|3|GCBADxwyzF|The Eurasian Realm|y|y|b|125000|84|2500|6|2|XY2673ZW598ako|The Sino-Russo Republic|y|y|y|175000|68|4500|9|3|bcjdefgp|The Central Provinces|y|y|p|90000|67|2750|0|0|4NTnRPmSQHLv|500000|500000|500000|500000|500000|500000|500000|10000|10000|500000|500000|10000|500000|500000|500000|500000|10000|10000|10000|10000|10000|500000|500000|100|500000|500000|100|100|100|100|10000|500000|500000|500000|10000|10000|10000|500000|10000|500000|10000|500000|100|100|500000|100|10000|10000|500000|500000|100|100|500000|500000|500000|100|100|100|500000|500000|gfpmE|EeG|DONE
test2
6|1|0|250|The North American Alliance|y|y|r|1500|95|500|1|1|xzAyBDCG|The Kingdom of Northern Europe|y|y|y|1500|95|500|1|1|W6XYZ587|The Greater Chinese Republic|y|y|g|1500|95|500|1|1|gfpijldc|The Central African States|y|y|b|1500|95|500|1|1|POVMQRSU|The Latin Federation|y|y|p|1500|95|500|1|1|HLKJuvwt|The Central Afroeurasian Lands|y|y|k|1500|95|500|1|1|4nTN39ok|200|200|750|750|200|750|1500|200|750|750|750|750|200|750|750|750|200|200|200|750|150|750|750|750|750|1500|750|150|150|750|200|200|750|1500|200|750|750|150|150|750|1500|750|750|750|750|750|150|150|1500|750|750|750|200|750|1500|150|150|750|750|750|||DONE
test3
2|1|0|200|Player 1|y|y|y|0|100|0|0|0|abcdefghijklmnopqrstMNOPQRSTUV|Player 2|y|y|p|0|100|0|0|0|WXYZ23456789uvwxyzABCDEFGHIJKL|350|50|50|50|350|50|50|350|50|50|350|50|50|350|50|50|50|50|50|350|50|50|50|50|350|50|50|50|50|50|50|50|350|350|50|50|350|50|50|350|50|50|350|50|50|50|50|50|50|50|50|50|350|350|350|50|50|50|350|50|||DONE
test4
3|1|0|200|Player 1|y|n|r|1000|100|100|0|0|N|Player 2|y|n|g|1000|80|100|0|0|w|Player 3|y|n|b|1000|75|100|0|0|j|200|200|200|200|200|200|200|200|200|200|200|200|200|200|200|200|200|200|200|200|200|200|200|200|200|200|200|200|200|200|200|200|200|200|200|200|200|200|200|200|200|200|200|200|200|200|200|200|200|200|200|200|200|200|200|200|200|200|200|200|||DONE
test5
6|1|0|1000|Player 1|y|y|r|150000|75|30000|0|0|ABCDFxzy|Player 2|y|y|y|150000|75|30000|0|0|vuHLKJIQ|Player 3|y|y|g|150000|75|30000|0|0|XY6392NT|Player 4|y|n|b|150000|75|30000|0|0|PSOVMUno|Player 5|y|n|p|150000|75|30000|0|0|8ab5cjfd|Player 6|y|n|k|150000|75|30000|0|0|rstqlpgh|2500|0|0|2500|500|2500|2500|2500|500|2500|500|0|500|2500|2500|2500|0|0|0|2500|2500|2500|500|2500|2500|2500|0|2500|2500|0|500|2500|500|0|0|0|2500|0|0|2500|0|2500|2500|500|2500|2500|0|0|500|2500|2500|500|0|2500|500|2500|2500|500|2500|2500|584ZWwxByr|4lqyh|DONE
test6
4|1|0|100000|The American United Empire|y|n|r|150000|75|3500|9|3|GCBADxwyzF|The Eurasian Realm|y|n|b|125000|84|2500|6|2|XY2673ZW598ako|The Sino-Russo Republic|y|n|y|175000|68|4500|9|3|bcjdefgp|The Central Provinces|y|n|p|90000|67|2750|0|0|4NTnRPmSQHLv|500000|500000|500000|500000|500000|500000|500000|10000|10000|500000|500000|10000|500000|500000|500000|500000|10000|10000|10000|10000|10000|500000|500000|100|500000|500000|100|100|100|100|10000|500000|500000|500000|10000|10000|10000|500000|10000|500000|10000|500000|100|100|500000|100|10000|10000|500000|500000|100|100|500000|500000|500000|100|100|100|500000|500000|gfpmE|EeG|DONE
historicalEmpires
4|1|0|200|The Mongol Horde|y|n|b|1000|50.0|0|0|0|8jkfgio5|The British Empire|y|n|r|1000|50.0|0|0|0|XAqsrmMD|The French Empire|y|n|p|1000|50.0|0|0|0|YxNRlLPU|The Spainish Empire|y|n|y|1000|50.0|0|0|0|2IJKwuyp|200|200|200|200|200|200|200|200|200|1000|200|200|200|200|200|200|200|200|200|200|200|200|200|200|200|200|200|200|200|200|200|200|200|200|200|200|200|200|200|200|200|200|200|200|200|200|200|200|200|1000|1000|200|1000|200|200|200|200|200|200|200|||DONE
randomGroups
4|1|0|20000|The Atlantic Empire|y|n|b|300000|50.0|100000|20|0|AzXY2NRvLH|The Eurasian Realm|y|n|r|300000|50.0|100000|20|0|8abcd5WZk7|The Eastasian Kingdom|y|n|y|300000|50.0|100000|20|0|gfplsmqjih|The Middle Kingdom|y|n|p|300000|50.0|100000|20|0|QOPSTVMno4|30000|30000|30000|30000|20000|30000|30000|30000|30000|30000|30000|30000|30000|30000|30000|30000|30000|20000|30000|20000|20000|30000|20000|20000|20000|30000|30000|20000|20000|20000|20000|20000|20000|30000|20000|20000|20000|30000|30000|30000|30000|30000|30000|30000|30000|30000|20000|30000|30000|30000|30000|30000|30000|20000|30000|30000|20000|30000|30000|20000|||DONE
5Kingdoms
5|1|0|200|The Red Kingdom|y|n|r|5000|50.0|0|100|0|NT32R|The Western Empire|y|n|b|5000|50.0|0|100|0|yBGwx|The Northern Lands|y|n|p|5000|50.0|0|100|0|WEF8a|The Southern Kingdom|y|n|y|5000|50.0|0|100|0|JItrq|The Empire of the East|y|n|g|5000|50.0|0|100|0|ghpif|300|200|200|200|200|300|300|300|300|200|200|200|200|200|200|300|300|300|200|300|200|200|300|300|300|200|200|300|200|200|300|300|300|200|300|300|200|200|200|300|200|200|200|300|200|300|200|200|300|200|200|200|300|300|200|200|200|200|300|200|||DONE
1984
3|1|0|5000000|Oceania|y|n|b|1800000000|50.0|0|10000|500|qrstuvwxyzABCDEFGHIJKLMVUX|Eurasia|y|n|r|1800000000|50.0|0|10000|500|edbca8WY235Z6947ko|Eastasia|y|n|y|1800000000|50.0|0|10000|500|gfihp|16667000|16667000|16667000|16667000|16667000|60000000|60000000|60000000|60000000|20455000|16667000|20455000|20455000|20455000|16667000|60000000|11538000|11538000|11538000|11538000|11538000|11538000|11538000|11538000|11538000|11538000|11538000|11538000|11538000|11538000|11538000|11538000|11538000|11538000|11538000|11538000|11538000|11538000|11538000|20455000|20455000|20455000|20455000|20455000|20455000|20455000|11538000|11538000|16667000|11538000|16667000|16667000|16667000|16667000|16667000|16667000|16667000|16667000|16667000|16667000|||DONE
westCentreEast
3|1|0|200|The West|y|n|r|0|50.0|0|0|0|uvwxyzABCDEFGHIJKL|The Centre|y|n|y|0|50.0|0|0|0|MNOPQRSTUVWXYZ23456789|The East|y|n|g|0|50.0|0|0|0|abcdefghijklmnopqrst|200|200|200|200|200|200|200|200|200|200|200|200|200|200|200|200|200|200|200|200|200|200|200|200|200|200|200|200|200|200|200|200|200|200|200|200|200|200|200|200|200|200|200|200|200|200|200|200|200|200|200|200|200|200|200|200|200|200|200|200|||DONE